20980
20981
20988
20989
20996
20997
21070
21072
21078
21079
21091
21092
21098
21100
21768
21770
21772
21774
21776
21780
21782
21785
21789
21791
21793
21799
21801
21802
21803
21804
21807
21808
21809
21810
21811
21812
21813
21814
21815
21816
21817
21818
21819
21821
21824
21826
21828
21830
21832
21833
21834
21835
21836
21849
21857
21858
21859
21860
21861
22038
22042
22044
22046
22051
22052
22057
22060
22063
22065
22067
22069
22070
22072
22074
22166
22168
22169
22171
22172
22175
22179
22181
22182
22184
22187
22204
22220
22222
22224
22226
22237
22243
22259
22261
22271
22290
22295
22302
22304
22324
22329
22331
22332
22334
22340
22345
22353
22359
22361
22362
22364
22427
22429
22430
22434
22444
22446
22447
22480
22491
22492
22515
22531
22532
22533
22534
22535
22551
22555
22558
22559
22567
22569
22570
22574
22575
22583
22585
22587
22589
22601
22603
22605
22639
22659
22666
22667
22668
22678
22680
22681
22682
22683
22687
22691
22694
22695
22698
22700
22702
22704
22706
22719
22724
22725
22726
22727
22737
22739
22741
22743
22749
22751
22753
22754
22755
22757
22763
22767
22769
22770
22773
22775
22776
22777
22819
22830
22838
22840
22844
22845
22848
22849
22850
22853
22866
22961
22965
22970
22971
22975
22976
22977
22979
22981
22983
22985
22986
22987
22990
22992
22993
22995
23075
23080
23081
23082
23087
23090
23180
23182
23183
23185
23192
23195
23204
23205
23225
23227
23230
23232
23233
23256
23259
23262
23265
23266
23273
23274
23276
23280
23282
23291
23293
23295
23302
23304
23305
23307
23317
23318
23320
23338
23339
23341
23345
23351
23370
23375
23377
23378
23379
23383
23384
23404
23427
23432
23433
23434
23435
23436
23439
23441
23442
23450
23453
23454
23455
23456
23457
23466
23468
23470
23472
23473
23477
23478
23481
23486
23499
23501
23502
23505
23506
23507
23508
23513
23514
23522
23524
23525
23529
23530
23537
23550
23552
23553
23556
23557
23558
23559
23565
23566
23574
23576
23577
23581
23582
23589
23603
23605
23608
23610
23612
23614
23622
23624
23628
23635
23640
23661
23663
23671
23673
23675
23677
23678
23682
23685
23687
23689
23692
23694
23714
23715
23720
23721
23723
23726
23727
23731
23732
23733
23735
23737
23738
23739
23740
23741
23742
23745
23747
23749
23751
23752
23754
23755
23757
23795
23798
23801
23803
23805
23807
23809
23811
23812
23813
23815
23817
23819
23821
23825
23831
23832
23836
23838
23840
23841
23843
23846
23849
23851
23852
23854
23856
23858
23860
23862
23864
23866
23869
23870
23871
23872
23873
23875
23876
23877
23881
23882
23885
23886
23905
23907
23909
23911
23915
23916
23920
23922
23928
23930
23939
23944
23955
23957
23968
23972
23976
23984
23998
24000
24002
24004
24005
24009
24011
24014
24016
24017
24019
24020
24021
24022
24023
24024
24025
24026
24027
24030
24036
24039
24041
24042
24045
24046
24050
24052
24054
24056
24058
24061
24065
24068
24071
24074
24077
24080
24105
24107
24117
24121
24131
24136
24138
24140
24141
24145
24151
24161
24165
24169
24170
24176
24177
24183
24186
24187
24191
24195
24207
24221
24225
24227
24230
24232
24234
24236
24238
24240
24242
24248
24252
24268
24271
24285
24287
24308
24313
24317
24320
24478
24480
24498
24499
24519
24520
24521
24579
24580
24587
24591
24592
24595
24601
24616
24618
24625
24627
24629
24633
24647
24655
24666
24670
24671
24673
24674
24691
24736
24768
24775
24776
24784
24788
24789
24790
24791
24793
24795
24798
24800
24802
24805
24845
24847
24849
25080
25082
25091
25095
25114
25116
25133
25135
25137
25150
25152
25154
25156
25157
25160
25162
25180
25183
25184
25188
25231
25232
25233
25235
25238
25240
25242
25246
25248
25250
25251
25252
25253
25254
25255
25256
25257
25258
25259
25260
25261
25262
25263
25264
25265
25267
25268
25269
25271
25272
25274
25284
25286
25290
25292
25296
25298
25303
25307
25308
25310
25312
25313
25314
25316
25317
25319
25322
25324
25337
25346
25348
25350
25352
25353
25354
25357
25358
25360
25362
25364
25366
25374
25375
25377
25378
25381
25383
25384
25386
25388
25390
25398
25403
25406
25412
25413
25415
25424
25426
25428
25429
25433
25435
25437
25444
25446
25450
25451
25468
25470
25482
25503
25518
25540
25544
25546
25550
25557
25562
25568
25570
25572
25576
25578
25586
25587
25593
25599
25602
25703
25705
25707
25709
25710
25714
25715
25737
25741
25743
25745
25748
25750
25752
25754
25756
25758
25760
25835
25837
25839
25841
25843
25845
25847
25849
25855
25880
25881
25885
25887
25891
25892
25896
25898
25900
25903
25908
25910
25912
25915
25918
25922
25942
25945
25955
25956
25957
25959
25963
25970
25972
25974
25977
25978
25979
25980
25981
25982
25983
25989
25990
25995
25999
26001
26068
26111
26116
26170
26171
26193
26213
26215
26231
26236
26241
26243
26245
26247
26250
26253
26255
26257
26259
26260
26261
26263
26265
26267
26269
26271
26273
26275
26277
26279
26281
26282
26283
26287
26289
26290
26291
26293
26295
26296
26298
26300
26301
26303
26305
26308
26311
26313
26315
26316
26317
26320
26322
26323
26325
26327
26328
26329
26333
26335
26336
26337
26338
26340
26342
26373
26374
26376
26377
26383
26384
26387
26394
26395
26400
26401
26406
26407
26412
26413
26420
26421
26424
26426
26427
26428
26431
26433
26435
26436
26439
26442
26443
26446
26447
26449
26451
26453
26454
26464
26466
26468
26469
26470
26474
26477
26482
26485
26538
26542
26546
26617
26669
26671
26673
26677
26681
26683
26685
26687
26689
26719
26724
26728
26730
26731
26734
26736
26748
26750
26782
26810
28537
28538
28539
28540
28542
28543
28547
28641
28642
28647
28648
28665
28666
28679
28691
28692
28716
28717
28718
28737
28784
28786
28787
28796
28797
28799
28819
28820
28822
28823
28824
28825
28826
28839
28841
28844
28854
28856
28859
28941
28968
28982
29010
29016
29018
29020
29023
29025
29028
29030
29033
29040
29041
29044
29045
29056
29060
29113
29115
29117
29119
29121
29123
29125
29127
29129
29131
29133
29135
29137
29139
29141
29149
29151
29157
29161
29165
29170
29175
29176
29179
29180
29186
29194
29197
29199
29205
29207
29223
29233
29234
29235
29237
29241
29244
29246
29248
29250
29252
29262
29266
29273
29274
29279
29289
29290
29292
29293
29295
29299
29301
29302
29305
29306
29309
29310
29312
29313
29314
29315
29318
29320
29535
29616
29617
29618
29619
29620
29621
29622
29624
29625
29626
29627
29628
29629
29630
29712
29713
29714
29715
29716
29717
29718
29720
29721
29722
29723
29724
29725
29726
29735
29736
29741
29742
29743
29744
29746
29766
29768
29770
29772
29776
29778
29780
29782
29783
29787
29788
29789
29792
32428
32429
32438
32440
32443
32446
32447
32456
32458
32461
32464
32465
32474
32476
32479
32482
32483
32492
32494
32497
32500
32501
32510
32512
32515
32518
32519
32528
32530
32533
32536
32537
32546
32548
32551
32554
32555
32564
32566
32569
